10
100
277.96 -588.57 1.00
486.36 278.52 1.00
312.23 192.54 1.00
403.06 -610.44 1.00
-564.98 -740.19 1.00
-380.23 -263.38 1.00
-514.96 -463.60 1.00
-11.78 629.61 1.00
-9.87 329.56 1.00
176.63 -833.08 1.00
478.96 246.80 1.00
704.26 295.47 1.00
462.16 -820.17 1.00
-837.59 -565.80 1.00
-43.19 457.12 1.00
566.17 693.71 1.00
-696.09 -518.08 1.00
-31.37 441.02 1.00
529.62 -52.69 1.00
193.25 -169.15 1.00
785.21 814.46 1.00
-469.56 694.61 1.00
447.73 -923.92 1.00
-140.41 -259.66 1.00
56.12 -744.87 1.00
516.83 -280.80 1.00
-672.66 80.39 1.00
83.88 539.80 1.00
-992.33 90.93 1.00
832.00 261.57 1.00
-176.94 -690.48 1.00
-658.48 134.15 1.00
39.48 -478.47 1.00
-150.88 -823.47 1.00
181.33 571.08 1.00
492.10 -349.61 1.00
615.15 357.00 1.00
739.91 685.47 1.00
-177.32 617.83 1.00
604.69 -554.25 1.00
-900.25 888.85 1.00
319.29 645.58 1.00
-682.63 -581.08 1.00
461.68 -523.69 1.00
485.40 -8.26 1.00
-153.70 -518.60 1.00
767.86 42.34 1.00
879.62 -592.74 1.00
835.43 -10.96 1.00
-225.61 433.26 1.00
-252.15 -628.58 1.00
-787.38 734.00 1.00
-253.07 911.94 1.00
594.45 737.90 1.00
-176.72 59.70 1.00
920.20 631.46 1.00
757.63 646.34 1.00
-336.40 706.78 1.00
653.96 805.69 1.00
-977.58 -369.10 1.00
871.51 -701.09 1.00
-769.56 47.76 1.00
-282.32 -959.48 1.00
-674.20 172.13 1.00
-749.31 -755.48 1.00
-173.38 28.11 1.00
-152.68 -125.58 1.00
-355.17 873.37 1.00
-851.58 554.34 1.00
452.31 -155.95 1.00
-981.08 -473.34 1.00
589.78 -991.24 1.00
-581.87 815.59 1.00
-920.69 -902.58 1.00
141.48 -811.50 1.00
-678.19 -345.57 1.00
523.93 770.63 1.00
658.73 -902.86 1.00
-150.44 -558.27 1.00
-85.71 -247.23 1.00
205.39 770.21 1.00
-975.80 -917.14 1.00
444.58 959.07 1.00
62.60 579.35 1.00
-896.43 28.65 1.00
99.11 148.90 1.00
687.91 166.50 1.00
559.50 -873.11 1.00
-548.25 -951.05 1.00
389.40 -642.21 1.00
-60.62 26.50 1.00
318.06 105.93 1.00
954.38 645.95 1.00
956.36 704.79 1.00
653.87 -793.80 1.00
-117.82 674.73 1.00
571.54 -745.47 1.00
-443.49 -972.21 1.00
174.32 -856.87 1.00
-119.23 -672.26 1.00
100
-625.46 194.38 1.00
-163.97 -41.21 1.00
-551.81 -572.27 1.00
728.61 990.27 1.00
334.45 31.32 1.00
-832.98 256.49 1.00
-360.13 159.72 1.00
-805.27 412.46 1.00
-437.29 -527.76 1.00
-465.24 -432.17 1.00
-385.61 18.90 1.00
-872.56 324.18 1.00
-919.55 -684.93 1.00
452.87 869.54 1.00
-131.36 -480.06 1.00
-304.96 -99.08 1.00
330.31 868.19 1.00
428.94 -793.16 1.00
-689.87 -601.72 1.00
253.15 895.83 1.00
732.27 70.74 1.00
-132.95 -943.80 1.00
-89.15 257.81 1.00
96.30 -140.25 1.00
-504.49 -808.51 1.00
73.90 676.70 1.00
-426.59 841.86 1.00
127.59 318.58 1.00
-450.67 -159.84 1.00
-778.97 482.10 1.00
-355.77 772.98 1.00
96.11 656.27 1.00
-30.09 -119.69 1.00
-893.04 -803.30 1.00
174.86 -344.98 1.00
-739.01 208.76 1.00
771.10 405.90 1.00
-696.36 -588.43 1.00
298.35 39.02 1.00
673.67 -676.04 1.00
592.70 633.69 1.00
945.73 -454.25 1.00
202.75 -990.86 1.00
924.29 -742.97 1.00
206.96 596.85 1.00
504.06 167.01 1.00
-693.98 -528.59 1.00
932.57 -103.63 1.00
-517.21 83.62 1.00
-377.75 -844.39 1.00
-905.31 963.31 1.00
100.28 -420.30 1.00
799.11 331.69 1.00
-524.96 -879.06 1.00
32.25 -347.44 1.00
-655.74 -727.22 1.00
-414.01 -907.81 1.00
-342.76 -495.45 1.00
506.56 44.27 1.00
-521.00 422.82 1.00
73.67 -252.42 1.00
-961.72 213.20 1.00
-465.26 668.49 1.00
81.98 -853.30 1.00
780.30 319.63 1.00
-442.52 77.98 1.00
-523.51 -82.44 1.00
-27.90 750.95 1.00
-216.06 -659.81 1.00
-261.75 788.78 1.00
-247.14 178.22 1.00
-310.45 347.75 1.00
505.93 945.85 1.00
-8.40 -400.15 1.00
417.88 -147.50 1.00
-812.32 -386.98 1.00
294.62 881.41 1.00
-697.58 -126.30 1.00
-722.11 -150.51 1.00
-421.47 521.66 1.00
-417.70 -123.87 1.00
-327.15 818.55 1.00
-17.61 -449.00 1.00
-878.78 935.76 1.00
257.77 980.12 1.00
-583.00 95.42 1.00
-184.72 136.50 1.00
380.80 -751.10 1.00
951.02 -511.27 1.00
-568.36 275.12 1.00
-335.92 -373.49 1.00
-772.11 578.90 1.00
818.70 401.47 1.00
138.74 -584.96 1.00
280.48 532.31 1.00
-780.98 -60.19 1.00
829.16 -648.05 1.00
564.48 -943.92 1.00
579.08 -664.28 1.00
335.85 -586.84 1.00
100
131.65 852.84 1.00
-366.18 -429.06 1.00
-224.85 23.68 1.00
-467.17 -438.62 1.00
667.56 -327.52 1.00
-767.46 626.30 1.00
-199.13 -406.28 1.00
397.26 -797.83 1.00
-5.28 -386.63 1.00
-628.91 -118.65 1.00
-198.61 -71.80 1.00
-680.69 499.59 1.00
105.21 108.53 1.00
965.69 -695.92 1.00
-469.48 781.31 1.00
650.47 -865.58 1.00
-488.99 661.89 1.00
26.68 10.29 1.00
-281.57 -259.52 1.00
-652.18 -479.59 1.00
949.81 36.39 1.00
-276.44 853.48 1.00
500.19 23.00 1.00
-763.35 -677.21 1.00
228.04 -321.37 1.00
-573.45 -866.03 1.00
911.24 532.15 1.00
701.54 613.02 1.00
-500.79 -329.13 1.00
-397.71 524.81 1.00
3.84 -43.66 1.00
-197.42 633.42 1.00
10.30 170.37 1.00
843.32 -513.12 1.00
-105.36 -815.38 1.00
-44.83 -192.76 1.00
-871.15 -324.91 1.00
-7.36 -637.49 1.00
-783.87 829.17 1.00
-686.36 703.20 1.00
-880.69 95.26 1.00
-255.69 863.56 1.00
429.76 461.63 1.00
-581.48 -171.11 1.00
527.44 -263.14 1.00
-255.24 -37.87 1.00
-894.06 19.96 1.00
994.29 -314.13 1.00
-596.44 341.10 1.00
622.38 828.99 1.00
-358.61 689.38 1.00
-614.02 825.02 1.00
316.11 -180.14 1.00
533.96 953.31 1.00
95.76 -830.91 1.00
-683.85 -987.86 1.00
-780.58 -313.63 1.00
686.73 260.44 1.00
12.38 -554.77 1.00
122.32 -391.50 1.00
198.99 297.71 1.00
687.25 64.18 1.00
-576.80 637.71 1.00
-404.16 114.67 1.00
567.70 -339.43 1.00
-735.31 912.60 1.00
-337.79 -948.70 1.00
676.77 -217.53 1.00
-296.10 389.34 1.00
595.74 -534.81 1.00
-114.87 -98.76 1.00
516.43 837.31 1.00
-963.64 434.52 1.00
993.42 -120.23 1.00
-342.13 -665.10 1.00
-834.06 181.25 1.00
-559.20 -820.34 1.00
-178.59 -636.68 1.00
-848.99 922.03 1.00
-247.83 478.01 1.00
75.03 374.99 1.00
543.98 319.99 1.00
30.43 -825.27 1.00
-222.89 -315.64 1.00
-405.01 -910.75 1.00
73.72 -286.61 1.00
534.79 842.34 1.00
694.79 -23.92 1.00
173.92 -12.78 1.00
153.87 309.29 1.00
-634.19 39.08 1.00
-719.30 -570.30 1.00
328.17 -330.88 1.00
-296.98 -300.97 1.00
-331.05 645.45 1.00
669.39 -177.16 1.00
-496.78 -274.37 1.00
562.78 724.60 1.00
-595.38 393.97 1.00
519.73 12.22 1.00
100
517.33 340.94 1.00
-534.57 170.20 1.00
-382.22 962.50 1.00
827.53 -10.70 1.00
-674.25 156.08 1.00
-576.18 -6.90 1.00
-815.87 -481.70 1.00
234.04 -4.38 1.00
-510.32 -963.17 1.00
-670.31 565.12 1.00
478.99 2.79 1.00
886.86 -470.71 1.00
-274.22 -810.23 1.00
886.59 -92.75 1.00
-311.17 -302.29 1.00
-118.40 -489.88 1.00
305.35 -495.16 1.00
-49.79 959.87 1.00
44.81 -379.99 1.00
322.81 786.83 1.00
946.76 549.62 1.00
-713.89 470.75 1.00
266.20 40.90 1.00
-974.55 -848.30 1.00
250.40 355.23 1.00
-515.26 -263.24 1.00
-628.05 868.66 1.00
-781.72 632.68 1.00
690.64 214.29 1.00
-584.67 -158.58 1.00
-703.67 961.44 1.00
396.87 -354.64 1.00
130.33 -562.30 1.00
863.57 337.10 1.00
767.66 -874.14 1.00
-667.39 255.18 1.00
-892.62 -662.68 1.00
-768.00 652.06 1.00
269.42 925.43 1.00
309.93 716.58 1.00
127.57 517.90 1.00
-626.73 -336.61 1.00
705.71 -2.58 1.00
72.89 -383.62 1.00
-464.02 348.38 1.00
16.39 -814.68 1.00
-984.32 -624.44 1.00
-299.21 851.51 1.00
-141.30 420.85 1.00
815.64 -386.82 1.00
-83.74 -545.51 1.00
-809.81 24.13 1.00
334.82 -184.02 1.00
949.29 553.98 1.00
458.40 894.01 1.00
-589.61 688.69 1.00
-911.89 464.48 1.00
241.27 645.23 1.00
-238.98 246.47 1.00
474.57 758.95 1.00
711.09 -353.38 1.00
-216.00 244.10 1.00
427.96 378.56 1.00
-61.88 -854.68 1.00
615.54 -510.99 1.00
632.16 626.73 1.00
-441.24 -670.99 1.00
-566.50 -326.05 1.00
199.14 -242.83 1.00
-261.88 608.35 1.00
78.04 174.00 1.00
-725.01 -581.04 1.00
491.44 -870.60 1.00
478.57 19.75 1.00
-965.89 -182.78 1.00
946.11 385.41 1.00
-143.88 707.75 1.00
902.26 -737.07 1.00
5.64 655.35 1.00
498.68 52.74 1.00
-317.81 -540.68 1.00
-604.89 -867.06 1.00
-437.84 43.59 1.00
-881.57 762.67 1.00
-536.56 -364.31 1.00
623.41 -203.75 1.00
197.63 -627.32 1.00
-435.24 -989.55 1.00
437.19 233.72 1.00
824.44 764.93 1.00
-90.78 -129.99 1.00
57.65 -371.30 1.00
420.58 577.80 1.00
-578.61 187.90 1.00
-896.07 675.96 1.00
699.82 143.77 1.00
33.18 -268.19 1.00
556.29 -588.93 1.00
133.63 -40.76 1.00
-150.77 226.28 1.00
100
-617.97 -7.05 1.00
-437.06 379.79 1.00
-535.42 313.23 1.00
793.51 18.12 1.00
-764.07 -535.75 1.00
78.08 829.26 1.00
447.12 641.16 1.00
-229.26 -803.22 1.00
-874.87 26.72 1.00
-135.84 -585.83 1.00
641.54 -987.23 1.00
-373.20 -513.27 1.00
873.63 -666.61 1.00
-456.89 122.02 1.00
453.73 39.38 1.00
-141.24 -517.58 1.00
-976.31 989.54 1.00
-638.96 -69.17 1.00
434.10 -120.25 1.00
-640.47 940.58 1.00
112.84 -692.01 1.00
-624.59 -259.32 1.00
-715.10 280.47 1.00
-236.39 889.61 1.00
-310.69 59.22 1.00
949.71 -485.03 1.00
386.55 -763.50 1.00
-103.72 -623.63 1.00
371.85 953.68 1.00
-12.91 -104.28 1.00
-446.90 -822.03 1.00
940.87 -604.78 1.00
-90.82 619.38 1.00
-50.30 -791.31 1.00
-401.72 536.75 1.00
593.67 -33.45 1.00
356.58 127.24 1.00
-771.86 -526.86 1.00
589.21 415.86 1.00
808.87 695.86 1.00
274.31 824.79 1.00
385.86 -515.26 1.00
-923.93 -440.27 1.00
-467.53 -590.84 1.00
622.33 -275.75 1.00
385.59 74.78 1.00
91.82 -861.86 1.00
39.66 913.07 1.00
427.03 -383.42 1.00
189.73 904.88 1.00
-537.80 -394.87 1.00
549.04 -672.61 1.00
170.47 140.52 1.00
-495.94 872.42 1.00
655.60 972.40 1.00
915.85 119.74 1.00
-351.88 642.05 1.00
579.51 -557.08 1.00
-796.41 -781.70 1.00
269.84 -79.20 1.00
-654.84 -166.51 1.00
394.63 963.95 1.00
-464.48 509.76 1.00
-708.80 -910.74 1.00
774.67 903.13 1.00
-104.52 457.82 1.00
-231.33 76.88 1.00
789.73 342.00 1.00
943.87 802.82 1.00
634.57 169.85 1.00
964.74 -462.56 1.00
624.70 165.25 1.00
862.63 248.59 1.00
498.77 -992.32 1.00
153.51 -352.70 1.00
725.14 961.08 1.00
277.47 968.40 1.00
-802.39 -740.85 1.00
349.11 -788.88 1.00
-321.19 888.42 1.00
617.22 86.29 1.00
790.63 427.35 1.00
-519.67 -618.00 1.00
-995.58 468.50 1.00
865.32 873.54 1.00
519.95 268.85 1.00
894.99 -179.33 1.00
-44.08 -806.07 1.00
766.59 -948.45 1.00
431.11 -88.30 1.00
-522.18 -771.27 1.00
-67.38 -570.77 1.00
-981.85 -140.69 1.00
312.33 958.93 1.00
-675.44 174.58 1.00
-141.16 -669.13 1.00
-803.11 -359.28 1.00
-336.99 227.64 1.00
681.15 -667.12 1.00
-569.03 578.66 1.00
100
-190.81 -848.51 1.00
35.25 555.58 1.00
-653.96 -839.35 1.00
695.98 113.33 1.00
603.59 833.87 1.00
-837.81 -602.21 1.00
-741.80 312.53 1.00
-567.20 -885.92 1.00
650.00 -911.43 1.00
-868.78 -448.43 1.00
152.42 -60.97 1.00
771.95 394.08 1.00
-601.45 971.52 1.00
129.93 366.44 1.00
-502.14 -886.36 1.00
-239.31 280.65 1.00
-582.96 -854.80 1.00
559.40 228.70 1.00
405.15 406.06 1.00
-606.66 980.91 1.00
846.98 -242.54 1.00
-152.24 35.93 1.00
453.28 -317.64 1.00
-650.09 558.16 1.00
34.22 -93.60 1.00
-627.18 -153.53 1.00
-486.93 74.05 1.00
-282.72 464.78 1.00
891.89 40.94 1.00
-998.21 819.84 1.00
-458.47 543.94 1.00
531.40 419.17 1.00
687.03 -9.75 1.00
859.88 815.07 1.00
424.21 -572.12 1.00
541.37 178.52 1.00
-171.96 -10.89 1.00
364.28 753.78 1.00
-94.89 -974.14 1.00
669.31 646.56 1.00
763.56 280.00 1.00
-30.72 -63.16 1.00
-812.87 -344.81 1.00
-7.96 -484.20 1.00
-895.76 -247.70 1.00
-674.89 -66.56 1.00
-925.61 984.30 1.00
861.51 -140.64 1.00
701.20 -860.38 1.00
103.94 -158.03 1.00
-269.05 312.17 1.00
-500.11 911.97 1.00
256.66 700.73 1.00
-589.34 -574.87 1.00
468.84 423.43 1.00
-106.01 275.55 1.00
-729.21 -488.94 1.00
-371.00 283.06 1.00
931.65 596.40 1.00
-304.08 -700.04 1.00
410.76 -36.02 1.00
303.02 799.06 1.00
768.16 519.55 1.00
382.18 -322.76 1.00
50.77 -703.73 1.00
248.96 720.87 1.00
251.58 -415.62 1.00
958.08 -24.83 1.00
546.92 -535.95 1.00
868.39 274.03 1.00
-985.55 196.42 1.00
-949.88 624.27 1.00
-912.86 -433.83 1.00
999.35 -772.88 1.00
753.00 -568.20 1.00
127.48 -463.55 1.00
-701.36 -344.02 1.00
159.59 754.12 1.00
-9.35 760.40 1.00
-391.20 -298.05 1.00
914.61 483.78 1.00
374.59 147.36 1.00
-931.43 -673.78 1.00
734.86 -290.47 1.00
789.78 -777.88 1.00
209.35 90.32 1.00
653.81 722.25 1.00
717.78 630.47 1.00
-768.43 165.93 1.00
-838.49 744.76 1.00
-779.26 -977.43 1.00
-882.34 -850.75 1.00
-602.08 -143.81 1.00
-768.80 -867.38 1.00
901.91 713.79 1.00
358.58 840.43 1.00
-712.57 327.27 1.00
-962.81 -732.72 1.00
-738.53 418.38 1.00
176.73 -589.43 1.00
100
-984.95 -349.44 1.00
285.98 981.18 1.00
116.68 76.48 1.00
-118.98 -32.46 1.00
316.71 -248.92 1.00
377.75 955.33 1.00
-220.27 884.27 1.00
43.52 573.47 1.00
807.26 -21.38 1.00
-108.31 -775.25 1.00
553.42 358.56 1.00
537.62 -151.12 1.00
949.24 567.42 1.00
789.20 176.42 1.00
-460.19 122.18 1.00
-744.72 550.92 1.00
683.23 485.55 1.00
-24.90 -950.52 1.00
-967.62 -349.53 1.00
-781.92 -193.59 1.00
877.57 -991.31 1.00
-264.10 395.97 1.00
-695.18 -809.56 1.00
333.42 193.35 1.00
-119.64 -781.00 1.00
897.52 595.42 1.00
708.85 655.00 1.00
262.66 55.63 1.00
90.03 -811.91 1.00
-19.39 -628.00 1.00
728.60 836.43 1.00
-699.83 -784.20 1.00
-723.03 988.78 1.00
19.58 -465.80 1.00
659.08 251.47 1.00
-473.93 -318.27 1.00
-618.98 168.30 1.00
627.45 466.17 1.00
-649.27 405.41 1.00
786.34 199.79 1.00
558.86 469.16 1.00
549.39 651.87 1.00
272.50 176.78 1.00
-737.00 424.71 1.00
168.43 511.45 1.00
-850.97 298.04 1.00
-810.28 935.30 1.00
-338.21 155.58 1.00
638.21 -394.75 1.00
-140.53 -799.35 1.00
-280.26 -314.23 1.00
-65.56 619.24 1.00
-299.19 504.79 1.00
904.59 285.88 1.00
891.10 -73.14 1.00
621.69 243.39 1.00
181.00 333.61 1.00
338.63 -824.92 1.00
-29.91 493.72 1.00
654.32 529.41 1.00
-325.65 -726.50 1.00
361.91 891.94 1.00
-147.50 -261.53 1.00
-564.72 -641.72 1.00
120.94 -224.85 1.00
329.23 698.73 1.00
79.44 -74.87 1.00
421.14 517.28 1.00
166.24 294.04 1.00
-824.72 -244.27 1.00
663.52 612.77 1.00
14.80 660.19 1.00
-309.08 -585.97 1.00
900.78 605.19 1.00
748.61 -465.93 1.00
555.71 546.42 1.00
13.28 -399.66 1.00
-941.22 -706.36 1.00
900.12 755.76 1.00
81.23 200.35 1.00
660.31 928.39 1.00
-548.97 -2.44 1.00
531.10 430.85 1.00
-927.76 808.70 1.00
-462.16 758.53 1.00
695.60 -218.85 1.00
422.36 132.04 1.00
131.64 662.91 1.00
-44.10 848.39 1.00
-915.98 -845.77 1.00
331.50 -216.01 1.00
-50.14 -964.96 1.00
204.63 160.29 1.00
508.14 -311.08 1.00
-491.34 -6.86 1.00
-394.66 890.86 1.00
476.94 364.24 1.00
-690.84 -155.04 1.00
671.93 -783.12 1.00
-863.38 -686.56 1.00
100
-798.89 940.42 1.00
477.38 961.87 1.00
358.24 -188.41 1.00
371.75 444.83 1.00
973.52 -94.53 1.00
774.29 309.78 1.00
609.25 -761.03 1.00
344.97 -625.58 1.00
58.00 -418.68 1.00
279.04 458.88 1.00
-438.19 729.63 1.00
-964.22 575.88 1.00
82.48 -910.04 1.00
977.87 -923.41 1.00
-937.05 -728.11 1.00
-763.74 676.29 1.00
-670.29 -378.36 1.00
-58.14 -797.17 1.00
-170.36 259.77 1.00
795.60 -818.86 1.00
-227.95 -369.65 1.00
-744.85 -105.63 1.00
-962.10 -184.01 1.00
213.49 -791.15 1.00
89.69 288.80 1.00
959.13 675.02 1.00
-991.58 -372.49 1.00
-724.19 -228.59 1.00
-886.05 188.48 1.00
596.84 -892.72 1.00
-844.62 311.40 1.00
850.32 635.12 1.00
754.45 -300.23 1.00
265.41 676.78 1.00
-363.21 788.95 1.00
-886.33 705.83 1.00
-274.98 891.09 1.00
591.64 937.12 1.00
-602.80 -625.62 1.00
-908.15 148.09 1.00
497.61 -981.17 1.00
662.40 593.92 1.00
1.01 -586.72 1.00
-463.27 -364.00 1.00
847.17 -531.98 1.00
418.30 -255.51 1.00
374.70 -24.53 1.00
761.23 -454.84 1.00
-446.44 837.20 1.00
944.64 -592.59 1.00
966.01 -855.42 1.00
-770.50 986.94 1.00
607.77 -752.86 1.00
-249.32 536.22 1.00
-382.46 -823.39 1.00
-149.74 266.80 1.00
-485.31 -157.06 1.00
-675.74 -713.56 1.00
-11.58 -52.27 1.00
337.89 -681.72 1.00
-738.35 710.40 1.00
552.54 240.86 1.00
-247.64 -872.32 1.00
-608.89 318.46 1.00
-484.27 -554.42 1.00
-181.70 -496.64 1.00
471.36 467.28 1.00
-218.26 -215.43 1.00
-773.78 881.87 1.00
445.94 -669.06 1.00
178.07 -618.57 1.00
761.70 -395.90 1.00
-162.90 -505.51 1.00
798.43 -998.26 1.00
-951.12 431.25 1.00
-514.71 648.92 1.00
111.26 278.79 1.00
-960.40 -213.92 1.00
-887.57 757.87 1.00
-415.70 582.64 1.00
-649.17 444.20 1.00
353.61 -351.95 1.00
468.27 927.95 1.00
-701.24 78.23 1.00
56.22 476.00 1.00
358.07 731.26 1.00
-601.06 -4.04 1.00
-270.45 -115.31 1.00
-699.84 974.39 1.00
525.74 -798.09 1.00
135.90 881.91 1.00
658.59 649.02 1.00
-742.35 -156.65 1.00
658.20 -941.61 1.00
372.96 170.25 1.00
909.84 675.00 1.00
181.45 -194.07 1.00
511.51 -141.78 1.00
-277.47 520.68 1.00
-592.21 706.85 1.00
100
-734.10 -805.82 1.00
508.82 -79.11 1.00
-279.54 -401.43 1.00
-365.23 -880.80 1.00
-713.40 -68.79 1.00
-367.82 232.56 1.00
-310.90 974.91 1.00
-59.91 -73.67 1.00
2.01 -157.35 1.00
-941.21 -197.71 1.00
792.70 671.27 1.00
152.95 -58.18 1.00
-432.19 372.55 1.00
156.60 -590.05 1.00
59.92 455.72 1.00
277.75 919.23 1.00
-246.41 -137.12 1.00
-625.92 178.60 1.00
914.87 539.13 1.00
-855.42 71.85 1.00
373.00 376.77 1.00
-490.30 650.82 1.00
797.33 567.97 1.00
-669.87 -460.38 1.00
452.02 426.30 1.00
-682.25 -664.34 1.00
633.60 206.76 1.00
-603.34 -962.75 1.00
-719.71 -156.38 1.00
80.18 214.22 1.00
726.70 332.61 1.00
317.83 -282.73 1.00
-731.60 358.90 1.00
38.13 893.80 1.00
-19.99 -107.84 1.00
966.97 -560.55 1.00
-812.46 126.50 1.00
208.39 -968.32 1.00
107.59 522.43 1.00
96.71 -886.95 1.00
-662.90 873.73 1.00
211.74 47.00 1.00
550.73 743.35 1.00
709.18 -556.68 1.00
-742.86 -992.37 1.00
-311.39 -665.23 1.00
-151.33 296.56 1.00
-824.94 683.30 1.00
893.66 607.39 1.00
302.69 678.71 1.00
625.38 -50.12 1.00
482.61 -893.56 1.00
276.75 -596.31 1.00
95.31 456.63 1.00
935.55 -760.42 1.00
-187.96 611.86 1.00
52.35 -672.02 1.00
624.48 -121.89 1.00
-6.07 -39.68 1.00
849.41 390.91 1.00
-833.86 -332.42 1.00
741.52 -995.48 1.00
314.17 8.13 1.00
-177.64 -524.71 1.00
-686.72 662.13 1.00
940.45 852.40 1.00
-72.11 -751.47 1.00
332.33 104.42 1.00
557.38 760.00 1.00
334.43 -620.24 1.00
-203.25 -972.12 1.00
-865.63 -384.20 1.00
419.03 218.38 1.00
133.64 -483.90 1.00
-720.09 -56.02 1.00
-467.58 -611.82 1.00
540.35 611.86 1.00
410.84 785.99 1.00
-959.37 354.86 1.00
-121.15 -879.98 1.00
816.10 620.97 1.00
628.72 -688.16 1.00
-93.73 321.25 1.00
-806.97 624.85 1.00
493.51 -371.87 1.00
31.55 -121.61 1.00
-256.11 -94.17 1.00
-818.43 -849.74 1.00
607.54 102.49 1.00
293.08 736.45 1.00
366.34 676.68 1.00
-441.88 974.40 1.00
177.55 -644.00 1.00
362.18 521.98 1.00
-275.94 593.85 1.00
-688.64 -403.30 1.00
-390.72 250.80 1.00
324.56 -229.98 1.00
-245.42 -275.58 1.00
-521.96 695.55 1.00
100
-665.21 24.05 1.00
133.73 985.10 1.00
948.24 -822.20 1.00
161.17 110.72 1.00
440.50 97.47 1.00
36.84 271.95 1.00
81.71 -372.13 1.00
551.80 -944.54 1.00
-185.25 -987.57 1.00
-771.37 413.10 1.00
565.43 -107.86 1.00
397.41 -403.37 1.00
-468.65 489.95 1.00
-85.22 -931.91 1.00
-542.01 669.59 1.00
-797.09 -789.57 1.00
-729.80 -813.66 1.00
-994.74 -632.41 1.00
886.87 662.44 1.00
410.86 -724.89 1.00
732.04 246.31 1.00
524.34 -290.19 1.00
-808.23 -644.65 1.00
-41.44 431.84 1.00
300.86 -797.00 1.00
884.31 119.18 1.00
-585.17 92.98 1.00
-674.79 -445.04 1.00
7.63 -40.73 1.00
-59.64 698.72 1.00
808.77 561.24 1.00
-760.92 121.78 1.00
-139.85 -854.05 1.00
-656.94 -78.18 1.00
-72.29 833.57 1.00
192.36 747.08 1.00
534.28 -789.16 1.00
-273.05 -644.89 1.00
-88.27 -67.31 1.00
-272.63 -857.52 1.00
361.28 16.49 1.00
-998.30 -413.55 1.00
-938.57 858.20 1.00
579.27 -229.43 1.00
459.36 -272.35 1.00
677.68 -364.66 1.00
204.13 495.01 1.00
217.63 -193.68 1.00
651.11 -854.63 1.00
981.27 -69.19 1.00
-431.71 841.72 1.00
411.37 57.25 1.00
-778.78 -414.70 1.00
954.68 -433.93 1.00
542.16 -762.50 1.00
162.95 454.13 1.00
89.19 -255.69 1.00
-583.19 -300.97 1.00
179.82 526.96 1.00
469.68 -448.59 1.00
616.23 761.47 1.00
-122.53 -999.75 1.00
211.61 98.26 1.00
-172.01 469.35 1.00
-307.80 889.70 1.00
-956.33 132.39 1.00
-418.84 356.37 1.00
-718.37 -943.04 1.00
890.03 48.95 1.00
273.80 -907.37 1.00
240.44 -701.60 1.00
-915.24 -265.98 1.00
491.03 925.61 1.00
775.16 -765.30 1.00
-213.34 364.91 1.00
-424.30 -720.58 1.00
-381.60 382.19 1.00
-438.27 -928.74 1.00
264.20 592.66 1.00
944.99 129.15 1.00
784.83 62.47 1.00
894.40 -273.34 1.00
578.64 469.97 1.00
-739.73 -862.65 1.00
-350.27 -596.58 1.00
155.52 787.46 1.00
-623.74 843.97 1.00
182.75 -988.69 1.00
-142.63 -547.86 1.00
-334.30 939.80 1.00
95.78 471.15 1.00
-95.21 -478.79 1.00
794.10 170.91 1.00
438.77 908.63 1.00
-640.34 433.47 1.00
-245.19 -39.22 1.00
602.61 -998.98 1.00
435.07 -570.31 1.00
633.95 -490.08 1.00
276.59 -773.94 1.00
