10
100
-804.59 -935.46 1.00
856.13 -762.91 1.00
639.39 496.69 1.00
559.93 -682.20 1.00
-294.46 -115.31 1.00
-642.37 -507.30 1.00
628.05 283.11 1.00
200.22 -923.55 1.00
57.29 -50.17 1.00
-703.93 -656.81 1.00
-802.38 457.87 1.00
817.84 881.20 1.00
895.25 -634.40 1.00
993.46 910.68 1.00
-477.65 999.11 1.00
-518.51 -363.81 1.00
-317.97 483.51 1.00
350.06 850.66 1.00
324.86 916.36 1.00
656.97 482.58 1.00
-633.37 697.72 1.00
-360.21 284.68 1.00
-334.18 481.21 1.00
-887.96 584.16 1.00
-768.32 430.38 1.00
-523.11 143.64 1.00
-100.40 -672.33 1.00
-387.93 665.59 1.00
-818.64 -450.03 1.00
137.78 -246.78 1.00
-471.03 344.53 1.00
345.15 -276.40 1.00
-989.89 -980.84 1.00
-67.30 474.46 1.00
-485.94 -68.07 1.00
803.81 903.13 1.00
-371.85 277.17 1.00
623.79 552.04 1.00
671.42 -978.73 1.00
801.12 38.58 1.00
167.06 607.24 1.00
555.68 -581.68 1.00
422.69 923.85 1.00
813.28 -318.07 1.00
61.07 -286.75 1.00
716.66 -560.61 1.00
591.97 342.66 1.00
32.65 996.30 1.00
-929.72 -554.23 1.00
196.42 -814.27 1.00
880.47 -839.16 1.00
158.02 -890.51 1.00
-512.17 -257.24 1.00
310.36 -729.50 1.00
-916.42 -842.13 1.00
-857.20 24.55 1.00
674.10 -109.90 1.00
-677.00 -535.20 1.00
-768.61 -540.84 1.00
363.89 -570.99 1.00
-356.50 -483.37 1.00
134.75 383.12 1.00
-496.63 -381.95 1.00
-330.48 152.15 1.00
-28.14 152.56 1.00
-975.73 663.32 1.00
673.43 37.68 1.00
20.74 724.84 1.00
-116.71 714.81 1.00
-413.08 903.14 1.00
453.93 -271.06 1.00
-999.59 -825.57 1.00
726.17 -124.39 1.00
504.36 -983.82 1.00
-680.17 875.39 1.00
851.29 591.18 1.00
-683.19 283.76 1.00
-368.57 -725.52 1.00
-103.68 -281.17 1.00
709.47 -577.12 1.00
-332.71 63.87 1.00
251.51 459.40 1.00
376.40 -473.41 1.00
350.25 -233.74 1.00
33.96 12.31 1.00
-213.23 659.39 1.00
-748.40 -662.80 1.00
815.52 15.09 1.00
995.81 -357.11 1.00
-757.48 -672.25 1.00
-329.14 -731.31 1.00
-410.13 288.02 1.00
-858.29 -520.43 1.00
342.88 -739.78 1.00
-503.68 901.01 1.00
701.51 361.71 1.00
-274.34 583.38 1.00
955.20 800.38 1.00
-559.66 608.67 1.00
-177.75 -489.22 1.00
100
566.27 -752.15 1.00
-355.41 -473.26 1.00
-668.86 368.51 1.00
-279.04 303.96 1.00
449.91 58.99 1.00
-955.72 287.64 1.00
-452.16 658.93 1.00
474.99 188.92 1.00
-603.20 187.59 1.00
-587.77 -221.64 1.00
187.84 695.35 1.00
611.49 519.02 1.00
-87.08 -317.25 1.00
-543.80 -779.36 1.00
-106.54 -656.74 1.00
869.92 -506.64 1.00
577.54 236.66 1.00
-938.49 135.78 1.00
-89.86 585.08 1.00
-622.12 499.54 1.00
788.63 -138.62 1.00
172.20 -610.46 1.00
187.45 -147.05 1.00
-829.12 364.89 1.00
-418.44 381.54 1.00
-175.05 939.57 1.00
218.64 -739.81 1.00
938.36 709.71 1.00
497.23 209.45 1.00
-760.87 -160.03 1.00
-30.83 -233.76 1.00
-940.38 675.60 1.00
-52.09 782.71 1.00
333.17 504.96 1.00
853.50 -80.41 1.00
794.33 864.34 1.00
331.72 385.63 1.00
-118.16 265.74 1.00
973.68 -80.23 1.00
30.11 -99.96 1.00
-134.82 884.15 1.00
-987.64 32.25 1.00
769.47 -649.80 1.00
496.27 680.96 1.00
510.30 527.85 1.00
156.76 742.88 1.00
954.69 -419.13 1.00
923.83 -759.90 1.00
-867.25 -431.00 1.00
-439.46 665.89 1.00
-364.20 333.01 1.00
58.95 87.81 1.00
48.74 645.14 1.00
327.72 -686.92 1.00
-44.44 873.91 1.00
556.24 255.50 1.00
43.12 -219.85 1.00
649.87 107.37 1.00
-138.94 766.02 1.00
-363.82 -2.41 1.00
260.42 378.72 1.00
-947.60 -789.09 1.00
77.79 347.75 1.00
126.40 351.88 1.00
-492.79 -857.06 1.00
-484.74 990.90 1.00
854.93 881.25 1.00
531.09 387.57 1.00
-31.41 178.86 1.00
726.26 529.87 1.00
-266.77 725.40 1.00
577.99 831.48 1.00
738.11 736.28 1.00
-664.78 -823.88 1.00
-843.02 -227.80 1.00
350.38 769.06 1.00
113.00 -335.11 1.00
-883.45 -487.83 1.00
-434.50 598.61 1.00
688.65 872.70 1.00
-34.13 794.18 1.00
-714.84 -92.12 1.00
642.24 851.96 1.00
685.98 -906.62 1.00
153.71 856.70 1.00
-175.76 -135.16 1.00
-840.06 334.43 1.00
-24.37 872.35 1.00
312.70 -25.82 1.00
2.03 -990.01 1.00
-383.95 241.00 1.00
355.95 -48.87 1.00
666.97 -217.84 1.00
-226.73 -522.80 1.00
951.90 87.29 1.00
16.11 680.90 1.00
-658.32 -774.42 1.00
-558.64 641.28 1.00
-734.45 416.23 1.00
913.99 235.26 1.00
100
-759.80 -462.53 1.00
221.73 187.10 1.00
804.51 -965.79 1.00
874.98 964.30 1.00
41.63 118.77 1.00
739.41 -523.02 1.00
847.23 26.92 1.00
-204.18 -508.67 1.00
694.03 -138.66 1.00
733.41 -874.33 1.00
-360.48 435.77 1.00
505.87 483.18 1.00
647.77 698.62 1.00
-366.40 524.87 1.00
-813.65 726.95 1.00
-860.15 961.14 1.00
-32.26 874.78 1.00
307.31 483.93 1.00
-794.76 -385.13 1.00
-79.52 69.46 1.00
-477.97 -550.25 1.00
914.28 -661.87 1.00
-716.70 152.24 1.00
605.67 -627.43 1.00
14.45 -57.54 1.00
-527.80 553.50 1.00
82.62 -699.49 1.00
689.65 -289.73 1.00
-448.27 691.67 1.00
-219.82 -637.16 1.00
-624.85 -823.55 1.00
501.77 -771.95 1.00
893.17 -529.31 1.00
400.01 874.18 1.00
-604.44 752.48 1.00
69.99 575.68 1.00
803.24 -279.78 1.00
239.75 -312.09 1.00
-49.03 890.84 1.00
93.88 -931.23 1.00
-74.85 -553.33 1.00
45.97 -150.06 1.00
-830.56 -346.62 1.00
-755.42 -959.00 1.00
674.71 -182.28 1.00
445.63 -811.06 1.00
921.57 -500.80 1.00
192.20 -923.61 1.00
-294.07 210.88 1.00
14.22 114.89 1.00
-632.49 -417.44 1.00
951.86 -976.89 1.00
-393.80 288.17 1.00
-574.62 -759.42 1.00
585.09 30.81 1.00
-101.03 382.64 1.00
182.73 -31.27 1.00
89.11 -301.38 1.00
-854.26 -491.17 1.00
-218.94 -587.16 1.00
-818.79 -393.57 1.00
-923.01 855.02 1.00
658.90 520.55 1.00
-750.50 -290.94 1.00
632.87 -545.10 1.00
-795.79 208.09 1.00
-627.69 -388.88 1.00
-830.90 -533.84 1.00
-876.41 37.08 1.00
947.69 -522.42 1.00
-661.10 395.29 1.00
126.14 21.32 1.00
263.08 89.13 1.00
-59.99 328.12 1.00
-576.19 443.62 1.00
-516.81 346.76 1.00
451.38 -767.06 1.00
568.31 918.47 1.00
857.30 -827.97 1.00
-511.78 -968.79 1.00
-142.30 -206.19 1.00
-797.47 561.36 1.00
621.76 -89.08 1.00
-126.55 411.79 1.00
11.41 -750.22 1.00
360.57 727.57 1.00
-794.68 956.91 1.00
174.09 -201.57 1.00
679.30 -631.00 1.00
129.16 -691.97 1.00
787.58 300.30 1.00
-288.07 963.19 1.00
316.18 -585.97 1.00
-829.86 -774.45 1.00
652.31 793.25 1.00
-454.29 -818.93 1.00
819.38 626.65 1.00
399.45 222.47 1.00
660.27 335.62 1.00
-363.65 735.68 1.00
100
3.11 765.85 1.00
265.54 -247.62 1.00
-620.50 500.30 1.00
712.66 155.04 1.00
133.29 -686.52 1.00
177.34 -533.70 1.00
784.25 -660.18 1.00
190.76 841.15 1.00
39.31 -105.05 1.00
646.10 -898.27 1.00
472.97 152.98 1.00
-147.73 -445.49 1.00
784.29 824.97 1.00
313.98 -199.02 1.00
264.61 441.88 1.00
-111.09 530.99 1.00
725.62 582.06 1.00
284.21 -365.37 1.00
-788.83 -190.46 1.00
-255.84 -940.02 1.00
263.82 389.79 1.00
-199.99 -265.96 1.00
-66.10 -585.78 1.00
1.01 633.15 1.00
-877.72 468.04 1.00
-241.48 -657.45 1.00
854.05 -317.31 1.00
603.23 -243.46 1.00
-893.72 -885.40 1.00
191.29 -307.49 1.00
-332.20 871.46 1.00
-865.31 878.12 1.00
-59.91 485.75 1.00
92.75 -940.44 1.00
-574.24 356.36 1.00
-758.59 -273.81 1.00
344.56 -442.30 1.00
916.18 505.32 1.00
694.12 -528.71 1.00
-538.89 -106.19 1.00
94.06 897.29 1.00
-604.30 -609.50 1.00
200.80 153.67 1.00
-470.38 765.87 1.00
498.47 957.55 1.00
-214.89 -443.68 1.00
-772.36 -136.81 1.00
-236.04 -887.06 1.00
404.60 661.49 1.00
368.00 -662.06 1.00
-503.98 -73.49 1.00
-195.50 764.75 1.00
772.70 273.05 1.00
629.11 -345.87 1.00
752.30 415.90 1.00
-332.50 153.12 1.00
-75.76 -524.21 1.00
838.64 -918.81 1.00
-467.73 200.40 1.00
662.49 -554.40 1.00
609.09 846.33 1.00
-728.53 -192.49 1.00
419.06 464.12 1.00
-285.17 -836.69 1.00
398.56 599.88 1.00
770.80 167.19 1.00
577.02 -449.28 1.00
-925.45 704.39 1.00
-459.56 239.94 1.00
572.86 -43.42 1.00
152.22 410.46 1.00
770.58 877.02 1.00
14.02 984.71 1.00
-669.19 710.21 1.00
-783.67 421.08 1.00
-947.01 920.99 1.00
-723.30 315.53 1.00
-163.08 608.23 1.00
-347.27 -441.61 1.00
29.92 -989.99 1.00
16.68 398.67 1.00
-143.64 756.35 1.00
911.81 283.16 1.00
-904.06 99.66 1.00
-949.12 709.81 1.00
-881.69 -577.39 1.00
-798.21 -735.71 1.00
154.64 -332.03 1.00
760.23 -319.86 1.00
457.55 36.38 1.00
575.93 -857.19 1.00
-490.86 956.89 1.00
-974.27 -616.32 1.00
720.47 -75.76 1.00
928.47 491.73 1.00
408.40 -765.94 1.00
-548.57 -550.06 1.00
619.29 -816.19 1.00
-931.34 -96.24 1.00
-787.90 653.63 1.00
100
564.95 552.97 1.00
390.00 -942.58 1.00
-33.89 -367.12 1.00
-359.84 12.79 1.00
551.05 -129.27 1.00
-464.83 726.84 1.00
-860.04 566.22 1.00
473.14 -198.52 1.00
-712.58 82.87 1.00
-724.70 376.01 1.00
807.37 -83.02 1.00
-826.68 -793.29 1.00
386.01 918.81 1.00
-396.11 84.28 1.00
240.47 228.56 1.00
-939.64 -248.80 1.00
251.37 758.90 1.00
-704.76 950.14 1.00
-420.60 -797.92 1.00
-26.87 -109.67 1.00
440.41 605.09 1.00
-190.95 60.03 1.00
831.72 770.41 1.00
-161.05 -311.64 1.00
-695.56 630.48 1.00
137.66 348.98 1.00
227.67 207.11 1.00
510.55 568.77 1.00
-372.48 818.15 1.00
-734.75 533.29 1.00
114.64 155.95 1.00
800.15 -426.91 1.00
195.93 303.64 1.00
976.92 617.02 1.00
-386.64 207.71 1.00
-965.30 421.30 1.00
336.94 -220.82 1.00
482.49 322.27 1.00
-186.55 -205.96 1.00
907.27 -859.75 1.00
443.01 -422.98 1.00
131.32 55.56 1.00
496.60 15.13 1.00
-566.57 359.25 1.00
-619.83 276.79 1.00
10.80 831.39 1.00
664.23 657.91 1.00
-494.76 984.89 1.00
-529.07 376.27 1.00
47.76 -141.24 1.00
995.44 212.73 1.00
370.44 -528.88 1.00
771.38 -18.40 1.00
104.09 -486.02 1.00
-515.75 -139.21 1.00
567.82 509.24 1.00
-822.21 292.10 1.00
-176.18 53.80 1.00
-398.72 -723.27 1.00
-131.52 -79.59 1.00
-60.02 -105.38 1.00
-800.05 754.10 1.00
903.91 -736.86 1.00
81.08 -939.21 1.00
448.54 780.60 1.00
776.32 -344.16 1.00
-417.11 589.62 1.00
55.72 -826.05 1.00
158.23 -100.97 1.00
-178.45 -647.05 1.00
-334.75 -593.75 1.00
40.08 -186.48 1.00
578.73 372.63 1.00
-546.63 -23.93 1.00
-610.72 -457.17 1.00
-131.25 791.35 1.00
-989.70 -889.03 1.00
-445.80 -22.17 1.00
110.06 620.97 1.00
-558.13 629.39 1.00
387.55 -0.50 1.00
-572.58 159.21 1.00
-820.26 -800.19 1.00
-983.68 -356.59 1.00
379.00 498.21 1.00
-956.95 -931.73 1.00
-975.29 -92.10 1.00
-768.84 -84.57 1.00
154.78 174.10 1.00
-726.36 -212.57 1.00
-625.60 602.79 1.00
-133.74 999.45 1.00
979.98 546.87 1.00
16.58 -141.70 1.00
652.08 -707.91 1.00
803.57 -9.56 1.00
731.25 -893.64 1.00
248.60 -322.27 1.00
612.42 495.98 1.00
531.27 -574.64 1.00
100
-630.98 -13.87 1.00
932.03 47.03 1.00
-374.99 -798.64 1.00
353.01 -329.84 1.00
-901.88 -836.93 1.00
613.61 67.61 1.00
550.67 -32.67 1.00
339.40 285.23 1.00
596.27 -174.37 1.00
850.16 902.60 1.00
-997.42 -625.21 1.00
637.93 611.42 1.00
-369.96 -190.48 1.00
-631.98 -288.02 1.00
-572.99 -462.31 1.00
163.55 617.44 1.00
-87.46 74.26 1.00
160.80 75.35 1.00
-199.08 495.38 1.00
-154.40 -144.92 1.00
343.82 566.80 1.00
-770.35 940.98 1.00
582.36 -234.86 1.00
-515.47 -236.69 1.00
-521.16 356.11 1.00
-320.11 914.46 1.00
-18.26 -909.93 1.00
-310.86 -41.32 1.00
-923.28 -260.07 1.00
202.31 902.47 1.00
545.93 361.36 1.00
-867.85 -102.63 1.00
789.69 -972.48 1.00
-481.03 794.91 1.00
503.25 -631.34 1.00
40.53 242.76 1.00
-272.89 -90.60 1.00
-525.40 -433.47 1.00
401.83 -378.70 1.00
-911.78 -402.99 1.00
163.06 -315.17 1.00
358.21 -8.90 1.00
-36.39 864.69 1.00
932.00 -997.95 1.00
335.75 884.47 1.00
-522.45 645.31 1.00
-248.66 -621.42 1.00
-693.92 -151.71 1.00
-283.60 892.27 1.00
256.92 235.07 1.00
-838.60 -171.77 1.00
-638.60 856.51 1.00
-935.08 -478.42 1.00
722.35 -555.01 1.00
-281.62 260.04 1.00
-78.17 -966.46 1.00
316.64 -186.02 1.00
-879.34 367.48 1.00
3.83 173.00 1.00
-463.01 -338.67 1.00
645.21 595.51 1.00
-670.33 -566.36 1.00
-109.98 621.94 1.00
-629.61 -489.26 1.00
946.32 207.72 1.00
-233.55 -925.39 1.00
675.69 407.14 1.00
-167.71 743.83 1.00
-524.72 786.72 1.00
-496.73 994.66 1.00
452.68 -33.86 1.00
-608.89 -953.95 1.00
-461.76 390.50 1.00
80.00 -241.98 1.00
221.29 -382.87 1.00
-329.87 755.45 1.00
839.19 291.75 1.00
-514.98 -982.17 1.00
-512.83 777.25 1.00
676.00 -723.41 1.00
830.99 -587.21 1.00
304.50 -316.56 1.00
438.23 9.53 1.00
-446.68 -157.18 1.00
-829.06 965.85 1.00
393.99 35.82 1.00
434.37 886.10 1.00
390.61 900.50 1.00
-286.85 -842.39 1.00
-269.36 -180.82 1.00
576.94 78.90 1.00
292.48 344.05 1.00
-867.35 -687.37 1.00
-904.27 714.34 1.00
-898.79 41.22 1.00
770.43 -520.64 1.00
-711.44 -225.14 1.00
-929.32 167.18 1.00
-649.71 -195.28 1.00
-339.18 -17.64 1.00
100
-801.20 -431.00 1.00
-123.09 219.07 1.00
-56.31 588.75 1.00
-932.16 -648.65 1.00
-981.25 601.99 1.00
667.66 -375.48 1.00
185.23 -676.43 1.00
-371.02 -329.74 1.00
-934.05 872.62 1.00
946.62 -866.19 1.00
-462.17 -517.63 1.00
-660.26 870.59 1.00
813.60 -73.51 1.00
-456.70 248.35 1.00
75.07 -445.29 1.00
896.71 988.25 1.00
488.07 -980.67 1.00
979.76 -427.17 1.00
-313.16 107.58 1.00
-325.06 -227.87 1.00
4.87 177.13 1.00
-276.59 -284.75 1.00
-195.55 163.63 1.00
384.17 712.60 1.00
-612.72 657.06 1.00
-643.61 -565.78 1.00
694.98 -953.45 1.00
297.37 -450.80 1.00
147.40 455.41 1.00
-137.27 598.35 1.00
-483.18 -343.01 1.00
67.49 -885.55 1.00
185.83 -517.43 1.00
73.08 414.42 1.00
579.95 -478.82 1.00
721.64 -163.02 1.00
-266.68 741.74 1.00
-308.89 -547.33 1.00
-550.28 274.73 1.00
917.73 955.09 1.00
-256.59 295.29 1.00
890.85 382.23 1.00
-965.94 561.40 1.00
-522.20 992.25 1.00
-733.97 -403.55 1.00
916.58 186.85 1.00
-823.48 -136.86 1.00
-943.79 886.50 1.00
773.73 -179.03 1.00
-550.86 854.38 1.00
-424.36 -111.74 1.00
697.05 766.82 1.00
590.62 -916.03 1.00
680.78 -998.33 1.00
-802.02 -435.90 1.00
577.19 202.36 1.00
-848.18 -392.41 1.00
628.14 414.27 1.00
-131.23 6.09 1.00
895.03 -616.43 1.00
-228.96 386.30 1.00
-789.68 -490.41 1.00
-519.85 386.29 1.00
-861.46 -537.80 1.00
-182.75 144.27 1.00
599.66 616.98 1.00
274.23 581.65 1.00
927.16 -894.22 1.00
-83.41 -782.48 1.00
912.28 102.87 1.00
417.24 500.43 1.00
457.99 245.32 1.00
-763.27 -370.77 1.00
357.54 731.30 1.00
673.77 372.69 1.00
845.56 767.22 1.00
830.95 223.23 1.00
-624.07 212.94 1.00
124.87 807.14 1.00
16.15 736.65 1.00
-689.56 -67.57 1.00
-5.83 244.80 1.00
-376.47 -388.22 1.00
-94.08 706.00 1.00
-432.78 570.94 1.00
-867.96 120.70 1.00
461.77 -759.77 1.00
-292.55 985.83 1.00
-881.46 -828.51 1.00
316.59 -386.43 1.00
-979.01 640.88 1.00
141.91 -328.92 1.00
-155.53 561.25 1.00
896.43 530.13 1.00
94.67 -882.56 1.00
-329.34 -419.37 1.00
955.28 -880.74 1.00
551.78 -12.81 1.00
822.04 -306.09 1.00
668.56 -402.50 1.00
100
-137.89 -501.31 1.00
-741.13 795.52 1.00
478.32 -401.14 1.00
572.33 -164.27 1.00
-388.20 -969.99 1.00
976.46 -301.81 1.00
-547.16 68.18 1.00
-197.53 494.45 1.00
-42.85 145.14 1.00
730.26 -435.93 1.00
-663.85 -437.25 1.00
-624.72 534.51 1.00
333.96 -802.07 1.00
-230.46 58.31 1.00
216.42 -707.33 1.00
-54.50 695.40 1.00
-185.37 -398.37 1.00
344.47 -2.36 1.00
759.34 -608.33 1.00
539.79 -123.89 1.00
545.55 -377.79 1.00
998.52 17.10 1.00
-389.61 -427.34 1.00
-314.41 -528.56 1.00
-258.78 326.85 1.00
-470.75 468.00 1.00
-811.51 -318.27 1.00
392.73 830.32 1.00
926.34 234.64 1.00
-448.47 -213.79 1.00
-112.38 339.56 1.00
935.44 -161.76 1.00
116.58 934.32 1.00
778.20 -416.40 1.00
438.81 -852.67 1.00
-829.59 -195.32 1.00
-328.16 -744.05 1.00
766.18 -901.94 1.00
-432.40 -724.37 1.00
-817.63 74.96 1.00
-991.98 907.48 1.00
-465.61 28.91 1.00
-894.37 147.74 1.00
320.14 27.54 1.00
-729.30 -171.17 1.00
734.41 898.65 1.00
512.41 -863.79 1.00
-102.99 -489.70 1.00
-968.45 -535.82 1.00
-980.10 -650.38 1.00
748.27 -485.38 1.00
-724.40 547.70 1.00
239.79 -834.09 1.00
-906.94 815.08 1.00
-811.00 -979.86 1.00
-202.62 -998.77 1.00
-222.51 -117.26 1.00
-603.51 961.76 1.00
-260.86 753.84 1.00
252.53 516.98 1.00
-869.30 569.51 1.00
207.82 -91.85 1.00
-954.06 88.30 1.00
-763.59 715.50 1.00
385.20 724.17 1.00
-678.83 -161.90 1.00
-657.03 676.77 1.00
-276.01 555.06 1.00
-130.86 864.88 1.00
886.32 568.14 1.00
-750.40 -824.23 1.00
-258.39 -927.36 1.00
31.15 960.11 1.00
-677.04 517.75 1.00
-418.24 694.78 1.00
119.56 -134.52 1.00
703.88 223.40 1.00
-914.03 -448.20 1.00
201.63 -232.88 1.00
-467.31 -83.47 1.00
-408.80 676.48 1.00
-745.00 -75.39 1.00
235.72 -199.75 1.00
-406.64 -770.62 1.00
445.42 -729.85 1.00
-303.12 205.91 1.00
447.09 949.90 1.00
90.86 33.04 1.00
60.56 -464.40 1.00
500.15 -768.01 1.00
719.51 -397.67 1.00
-783.95 489.32 1.00
436.66 -205.82 1.00
-80.48 573.65 1.00
439.54 -981.80 1.00
926.05 -370.45 1.00
-592.54 -183.33 1.00
536.26 269.91 1.00
438.90 877.08 1.00
-293.69 -720.35 1.00
100
-61.64 962.49 1.00
326.05 906.29 1.00
-796.52 -49.98 1.00
-341.56 -457.53 1.00
310.87 290.31 1.00
-825.38 -114.06 1.00
300.16 -133.05 1.00
-858.30 -177.86 1.00
-289.95 -527.30 1.00
367.82 85.99 1.00
459.54 230.99 1.00
-650.13 -845.74 1.00
252.48 -490.14 1.00
-326.12 -491.78 1.00
712.55 449.58 1.00
-353.66 -745.05 1.00
30.91 741.33 1.00
-212.67 365.40 1.00
-746.88 -427.37 1.00
-19.40 -519.87 1.00
15.40 965.56 1.00
-162.50 -708.39 1.00
249.99 967.50 1.00
-196.80 -762.47 1.00
-268.58 -615.58 1.00
332.98 -789.59 1.00
-603.34 -578.91 1.00
-994.42 -526.02 1.00
-642.48 -876.75 1.00
-34.06 -776.81 1.00
189.03 679.22 1.00
266.51 473.16 1.00
230.25 -955.31 1.00
-590.93 806.56 1.00
596.66 -844.39 1.00
888.15 356.19 1.00
619.94 -209.68 1.00
699.26 -411.16 1.00
-628.96 476.77 1.00
-784.55 -31.09 1.00
627.98 -954.93 1.00
-471.34 -675.65 1.00
970.33 -783.74 1.00
649.10 253.38 1.00
-743.94 -883.67 1.00
-109.10 974.07 1.00
-851.17 443.78 1.00
-978.24 412.87 1.00
378.96 18.64 1.00
-500.03 -495.11 1.00
900.43 -15.50 1.00
374.31 151.11 1.00
745.65 811.62 1.00
-534.98 -64.61 1.00
-611.79 557.34 1.00
606.49 480.20 1.00
-759.58 69.50 1.00
-643.82 892.21 1.00
-84.14 -633.27 1.00
-296.74 467.11 1.00
-582.14 -745.91 1.00
-478.93 976.10 1.00
842.63 -199.65 1.00
794.98 -914.96 1.00
-135.34 -538.45 1.00
-460.46 368.81 1.00
558.70 951.83 1.00
910.49 -108.57 1.00
676.90 938.92 1.00
53.55 -252.32 1.00
-174.50 383.93 1.00
463.50 281.41 1.00
998.48 822.86 1.00
-208.50 508.04 1.00
-964.06 798.69 1.00
-505.65 -788.58 1.00
-1.95 -641.92 1.00
-725.30 59.87 1.00
-922.59 -348.68 1.00
336.08 163.52 1.00
126.66 82.24 1.00
-212.20 -536.37 1.00
506.78 241.13 1.00
-794.44 496.80 1.00
583.59 315.50 1.00
527.62 -500.52 1.00
-444.64 -255.03 1.00
801.69 19.05 1.00
-573.19 655.38 1.00
883.76 148.36 1.00
-888.53 456.47 1.00
-333.29 -828.85 1.00
-834.72 -565.64 1.00
439.59 -632.86 1.00
-775.27 -949.16 1.00
113.93 575.62 1.00
-353.00 -399.33 1.00
815.20 802.99 1.00
-28.55 780.05 1.00
-517.21 -560.56 1.00
100
-694.87 -113.34 1.00
-408.26 371.04 1.00
925.81 400.94 1.00
-986.51 964.67 1.00
-875.71 407.89 1.00
96.93 882.89 1.00
-122.05 -650.67 1.00
558.77 936.82 1.00
634.87 -972.49 1.00
-966.15 -569.55 1.00
-322.26 624.78 1.00
3.85 -340.05 1.00
331.69 514.66 1.00
977.38 -295.62 1.00
322.17 973.25 1.00
513.48 -420.42 1.00
-479.31 -33.40 1.00
476.25 -554.75 1.00
682.50 535.65 1.00
-740.15 -563.44 1.00
154.27 -519.35 1.00
-217.37 222.77 1.00
920.02 562.22 1.00
910.53 -399.34 1.00
-851.64 -145.11 1.00
-944.56 -171.77 1.00
917.97 -842.79 1.00
-156.01 741.30 1.00
-420.58 -489.17 1.00
526.45 -53.43 1.00
137.61 -895.81 1.00
32.54 382.89 1.00
-858.64 71.54 1.00
250.31 -270.88 1.00
232.17 -297.83 1.00
380.66 369.49 1.00
857.97 -182.39 1.00
849.57 -281.65 1.00
439.60 -152.13 1.00
696.40 175.11 1.00
599.68 -168.18 1.00
-903.09 36.70 1.00
834.11 848.03 1.00
-209.65 -931.00 1.00
367.09 -72.47 1.00
-449.65 476.28 1.00
-770.35 -931.38 1.00
-530.53 679.84 1.00
118.92 -753.39 1.00
-120.18 -324.48 1.00
-350.94 877.07 1.00
-523.17 130.00 1.00
459.91 210.37 1.00
434.93 794.12 1.00
-970.39 181.43 1.00
557.95 -701.60 1.00
528.82 -217.49 1.00
-244.09 -159.48 1.00
876.11 746.64 1.00
-116.11 88.13 1.00
71.17 -715.26 1.00
-256.85 -969.40 1.00
-825.21 -280.72 1.00
646.05 606.41 1.00
-24.17 444.37 1.00
-187.53 -342.37 1.00
-950.10 677.47 1.00
569.49 -595.89 1.00
-163.78 780.17 1.00
-453.47 207.95 1.00
613.58 -983.75 1.00
934.76 184.81 1.00
475.79 -844.24 1.00
-445.40 831.96 1.00
-950.41 -221.85 1.00
519.22 -540.91 1.00
601.65 -591.60 1.00
-103.60 -491.95 1.00
455.65 -284.84 1.00
-994.05 965.02 1.00
574.03 -285.05 1.00
-899.17 -963.21 1.00
-128.87 -522.63 1.00
358.99 136.35 1.00
-985.07 -537.64 1.00
691.20 679.55 1.00
941.72 -147.93 1.00
-557.16 -396.84 1.00
638.35 377.93 1.00
522.22 460.44 1.00
-508.54 -860.31 1.00
388.86 -530.46 1.00
217.37 -134.77 1.00
-344.69 40.83 1.00
-212.39 -841.69 1.00
-54.74 -758.34 1.00
-638.10 -211.56 1.00
-484.94 643.12 1.00
26.09 -910.55 1.00
-957.88 -490.50 1.00
